          80         208          32
  0.50000000000000000        0.0000000000000000     
  0.46193976625564337       0.19134171618254489     
  0.35355339059327379       0.35355339059327373     
  0.19134171618254492       0.46193976625564337     
  3.06151588455594315E-017  0.50000000000000000     
 -0.19134171618254486       0.46193976625564337     
 -0.35355339059327373       0.35355339059327379     
 -0.46193976625564337       0.19134171618254495     
 -0.50000000000000000       6.12303176911188629E-017
 -0.46193976625564342      -0.19134171618254484     
 -0.35355339059327384      -0.35355339059327373     
 -0.19134171618254517      -0.46193976625564326     
 -9.18454765366782944E-017 -0.50000000000000000     
  0.19134171618254500      -0.46193976625564331     
  0.35355339059327368      -0.35355339059327384     
  0.46193976625564326      -0.19134171618254520     
  0.57345028640415996       4.13750619450847790E-002
  0.73107473816452107       0.17979623318215970     
  0.37362021419761299       0.74950537887166224     
  0.19625198439617750       0.86794452749136708     
 -0.23377359904824679       0.96077442804145718     
 -0.44412042494819387       0.78730040425993986     
 -0.95503770042784319       0.68077805638371269     
 -0.94262814492054159       5.02884678871813040E-002
 -0.87017465181419862      -0.17670381955198267     
 -0.82739154547238791      -0.30431840262693260     
 -0.71570178328688061      -0.57477548109920606     
 -0.10708474534146772      -0.88024357750587989     
  8.27213956649683613E-002  -1.0379253605512209     
  0.42022002632999861      -0.60605038222864083     
  0.73623839554580739      -0.52354414859505760     
  0.82940469203174771      -0.36409053767710842     
   1.6312766801051390      -0.79028275546236149     
   1.8614123870921986       0.71825157139871099     
   2.5450333530145306        1.5113645663754414     
  0.56482242464171173        1.8971713836873800     
 -0.65289089067145201        1.9147729916856979     
  1.73120159982145250E-002   1.3882474848475717     
  -1.6084506093401389       0.83180432372994806     
  -1.6009344815335576       0.63763015419739322     
  -2.2161465198006161      -0.13817305429506008     
  -2.4122533753690401      -0.13644338556337821     
  -1.6084933362261373       -1.5970081188016740     
 -6.02868389894861689E-003  -2.2632609656705256     
 -0.76800858823764173       -2.1336649959972562     
  0.47411626388410971       -1.7955140574923414     
   2.0977145107213753       -1.5244991601254823     
   1.9578091783836857       -1.8611342663053123     
   8.9237701383727277        3.0579427245332997     
   5.2542988924583423       0.94328460802801439     
   2.5980414868735400        2.0620955100900749     
  -1.4103086513775231        5.1475572190500944     
  -1.4388544913278882        6.1909367308328234     
  -2.1443963638337049        6.8045228628006447     
  -7.2497323419513151        3.2367242564364243     
  -7.1849273623477430        4.1281969623202155     
  -7.3490307051045320       -3.2272726454746667     
  -5.3531758705128984       -1.7476106113303513     
  -3.2781196804740187       -5.0681433071263404     
  -2.5798088252305313       -4.8209085404434644     
   1.2402268344809277       -6.2152950318127926     
   3.8105276245922242       -7.3583632396175354     
   7.7202416378299237       -1.3140254513309708     
   5.2571445243135591       -1.8582009032785189     
   20.000000334188808        0.0000000000000000     
   18.477590958975934        7.6536687751903161     
   14.142135860038124        14.142135860038122     
   7.6536687751903170        18.477590958975934     
  1.22460637428486412E-015   20.000000334188808     
  -7.6536687751903143        18.477590958975934     
  -14.142135860038122        14.142135860038124     
  -18.477590958975934        7.6536687751903179     
  -20.000000334188808       2.44921274856972824E-015
  -18.477590958975938       -7.6536687751903134     
  -14.142135860038126       -14.142135860038122     
  -7.6536687751903267       -18.477590958975931     
 -3.67381912285459216E-015  -20.000000334188808     
   7.6536687751903205       -18.477590958975931     
   14.142135860038119       -14.142135860038126     
   18.477590958975931       -7.6536687751903276     
           2           1          17           0           1
           1          16          32           0           1
           3           2          18           0           1
           4           3          19           0           1
           5           4          20           0           1
           6           5          21           0           1
           7           6          22           0           1
           8           7          23           0           1
           9           8          24           0           1
          10           9          25           0           1
          11          10          26           0           1
          12          11          27           0           1
          13          12          28           0           1
          14          13          29           0           1
          15          14          30           0           1
          16          15          31           0           1
          65          66          49           0           2
          80          65          64           0           2
          66          67          50           0           2
          67          68          51           0           2
          68          69          52           0           2
          69          70          53           0           2
          70          71          54           0           2
          71          72          55           0           2
          72          73          56           0           2
          73          74          57           0           2
          74          75          58           0           2
          75          76          59           0           2
          76          77          60           0           2
          77          78          61           0           2
          78          79          62           0           2
          79          80          63           0           2
           1          17           2          32           0
          32           1          16          17           0
          17           2           1          18           0
          18           2          17           3           0
          18           3           2          19           0
          19           3          18           4           0
          19           4           3          20           0
          20           4          19           5           0
          20           5           4          21           0
          21           5          20           6           0
          21           6           5          22           0
          22           6          21           7           0
          22           7           6          23           0
          23           7          22           8           0
          23           8           7          24           0
          24           8          23           9           0
          24           9           8          25           0
          25           9          24          10           0
          25          10           9          26           0
          26          10          25          11           0
          26          11          10          27           0
          27          11          26          12           0
          27          12          11          28           0
          28          12          27          13           0
          28          13          12          29           0
          29          13          28          14           0
          29          14          13          30           0
          30          14          29          15           0
          30          15          14          31           0
          31          15          30          16           0
          31          16          15          32           0
          32          16          31           1           0
          17          18           2          34           0
          32          17           1          33           0
          17          33          34          32           0
          34          17          33          18           0
          18          19           3          35           0
          34          18          17          35           0
          35          18          34          19           0
          19          20           4          36           0
          35          19          18          36           0
          36          19          35          20           0
          20          21           5          37           0
          36          20          19          37           0
          37          20          36          21           0
          21          22           6          38           0
          37          21          20          38           0
          38          21          37          22           0
          22          23           7          39           0
          38          22          21          39           0
          39          22          38          23           0
          23          24           8          40           0
          39          23          22          40           0
          40          23          39          24           0
          24          25           9          41           0
          40          24          23          41           0
          41          24          40          25           0
          25          26          10          42           0
          41          25          24          42           0
          42          25          41          26           0
          26          27          11          43           0
          42          26          25          43           0
          43          26          42          27           0
          27          28          12          44           0
          43          27          26          44           0
          44          27          43          28           0
          28          29          13          45           0
          44          28          27          45           0
          45          28          44          29           0
          29          30          14          46           0
          45          29          28          46           0
          46          29          45          30           0
          30          31          15          47           0
          46          30          29          47           0
          47          30          46          31           0
          31          32          16          48           0
          47          31          30          48           0
          48          31          47          32           0
          48          32          31          33           0
          33          32          48          17           0
          33          34          17          49           0
          48          33          32          64           0
          33          49          34          64           0
          64          33          48          49           0
          34          35          18          50           0
          49          34          33          50           0
          50          34          49          35           0
          35          36          19          51           0
          50          35          34          51           0
          51          35          50          36           0
          36          37          20          52           0
          51          36          35          52           0
          52          36          51          37           0
          37          38          21          53           0
          52          37          36          53           0
          53          37          52          38           0
          38          39          22          54           0
          53          38          37          54           0
          54          38          53          39           0
          39          40          23          55           0
          54          39          38          55           0
          55          39          54          40           0
          40          41          24          56           0
          55          40          39          56           0
          56          40          55          41           0
          41          42          25          57           0
          56          41          40          57           0
          57          41          56          42           0
          42          43          26          58           0
          57          42          41          58           0
          58          42          57          43           0
          43          44          27          59           0
          58          43          42          59           0
          59          43          58          44           0
          44          45          28          60           0
          59          44          43          60           0
          60          44          59          45           0
          45          46          29          61           0
          60          45          44          61           0
          61          45          60          46           0
          46          47          30          62           0
          61          46          45          62           0
          62          46          61          47           0
          47          48          31          63           0
          62          47          46          63           0
          63          47          62          48           0
          63          48          47          64           0
          64          48          63          33           0
          49          50          34          66           0
          64          49          33          65           0
          49          65          66          64           0
          66          49          65          50           0
          50          51          35          67           0
          66          50          49          67           0
          67          50          66          51           0
          51          52          36          68           0
          67          51          50          68           0
          68          51          67          52           0
          52          53          37          69           0
          68          52          51          69           0
          69          52          68          53           0
          53          54          38          70           0
          69          53          52          70           0
          70          53          69          54           0
          54          55          39          71           0
          70          54          53          71           0
          71          54          70          55           0
          55          56          40          72           0
          71          55          54          72           0
          72          55          71          56           0
          56          57          41          73           0
          72          56          55          73           0
          73          56          72          57           0
          57          58          42          74           0
          73          57          56          74           0
          74          57          73          58           0
          58          59          43          75           0
          74          58          57          75           0
          75          58          74          59           0
          59          60          44          76           0
          75          59          58          76           0
          76          59          75          60           0
          60          61          45          77           0
          76          60          59          77           0
          77          60          76          61           0
          61          62          46          78           0
          77          61          60          78           0
          78          61          77          62           0
          62          63          47          79           0
          78          62          61          79           0
          79          62          78          63           0
          63          64          48          80           0
          79          63          62          80           0
          80          63          79          64           0
          80          64          63          65           0
          65          64          80          49           0
